3258	NAMKNLWCEK	2122	[[101.0716629,3230.935546875],[102.0555725,13629.2568359375],[113.0713272,10585.23046875],[114.1911392,4280.005859375],[115.0509567,2990.7333984375],[120.7916183,2321.2155761719],[123.7568283,2793.029296875],[129.0660858,3048.5485839844],[129.102478,35147.95703125],[130.0861206,22579.27734375],[136.0758514,4859.4453125],[141.0659027,12527.30859375],[147.0758209,2460.4772949219],[147.1126404,34007.69921875],[158.0923004,55345.2265625],[169.0603333,11398.7392578125],[173.091217,2860.4052734375],[186.0871735,57748.95703125],[201.0873413,4545.3862304688],[240.0977631,9579.27734375],[256.0940857,5122.162109375],[258.109375,9876.505859375],[262.1392822,32439.736328125],[280.0951843,3278.3916015625],[292.1654053,3878.9899902344],[297.1184082,9213.0634765625],[298.1039734,9985.8564453125],[315.1299133,45977.6640625],[316.1313477,3577.8767089844],[332.1516418,2890.9956054688],[333.1764832,11690.2236328125],[339.132019,4162.5380859375],[443.178894,2862.5131835938],[443.2299194,5013.2265625],[444.2074585,5947.3325195313],[461.2364197,24114.66015625],[479.2387695,3371.7634277344],[489.2364807,5378.65625],[489.727417,2918.23046875],[506.9863281,3379.4462890625],[545.2459106,4028.7495117188],[553.7573853,12243.6015625],[558.2548828,5487.42578125],[562.7658691,9720.939453125],[563.260376,3257.6455078125],[576.2608032,30565.365234375],[579.2022705,2959.1416015625],[598.2854004,12075.513671875],[598.7837524,5278.740234375],[602.7389526,3113.5275878906],[603.2799072,5882.1333007813],[603.7793579,4769.333984375],[606.2463379,2984.7890625],[646.7866821,17722.015625],[647.2873535,5113.4086914063],[655.3034668,42025.09765625],[655.8076782,33335.23828125],[656.3054199,9496.0654296875],[704.3579102,31167.462890625],[705.3646851,5478.7856445313],[717.3258057,2878.8330078125],[774.5159912,3479.7009277344],[786.9816895,3048.669921875],[814.3190308,3043.7788085938],[831.3601074,4067.619140625],[832.3530273,3859.0688476563],[849.3773804,15275.03125],[850.3720093,5282.8876953125],[867.4233398,37836.921875],[868.4223022,17727.724609375],[960.4110107,3361.8327636719],[961.4068604,4122.8090820313],[977.4523315,10001.3671875],[978.4595337,24717.19140625],[979.4555664,4958.18359375],[995.4780273,23197.763671875],[996.4714355,4190.275390625],[1106.5030518,5030.7065429688],[1107.5006104,5385.798828125],[1124.5177002,16451.244140625],[1125.5184326,12801.0517578125],[1163.4810791,4273.7421875]]	29.2533303517469	<1089.4735713936502>K
	Peak Annotation	Type	Subtype	Number	m/z	Intensity
3258.1	iE	Immonium ion	Immonium E		102.0555725	13629.2568359375	
3258.2	rK	Related ion	r15		129.102478	35147.95703125	
3258.3	y1-NH3	Peptide fragment ion	y	1	130.0861206	22579.27734375	
3258.4	y1	Peptide fragment ion	y	1	147.1126404	34007.69921875	
3258.5	b2	Peptide fragment ion	b	2	186.0871735	57748.95703125	
3258.6	b4	Peptide fragment ion	b	4	461.2364197	24114.66015625	
3258.7	Prec-++-NH3	Precursor ion	Prec		646.7866821	17722.015625	
3258.8	Prec-++	Precursor ion	Prec		655.3034668	42025.09765625	
3258.9	y6	Peptide fragment ion	y	6	849.3773804	15275.03125	
3258.10	y8	Peptide fragment ion	y	8	1124.5177002	16451.244140625
