	Sequence	Spectrum Scan Number	Spectrum Array List	Confidence [%]	Validation
1	YDGIILPGK	10698	[[104.0528183,11086.80078125],[107.1025162,8175.3232421875],[108.0058365,8609.521484375],[110.0715942,49034.42578125],[110.0969009,10167.2734375],[119.0492935,21107.087890625],[120.0809631,119667.4140625],[127.0867157,19683.12890625],[129.0649567,10754.6904296875],[129.1022949,128025.1171875],[130.0860748,40920.34375],[133.0424957,11519.7451171875],[136.0756531,587611.375],[137.0787659,52560.2890625],[141.1021881,10965.0380859375],[143.1175385,34061.2421875],[147.0440979,9414.4599609375],[147.1126556,93602.921875],[155.0809479,37525.28125],[155.1172028,12944.94140625],[158.0920868,12521.537109375],[162.0910339,15231.6455078125],[169.0967255,10897.173828125],[171.5274658,8719.0068359375],[173.1278381,14762.4375],[175.1191101,60499.2421875],[183.1485748,9687.111328125],[193.0974426,18130.025390625],[199.1799164,33746.13671875],[201.1226959,9969.6787109375],[204.1338654,80591.96875],[207.1122894,46079.578125],[227.1761322,20128.205078125],[233.0919952,123991.859375],[233.1641693,16419.919921875],[234.0929871,10390.0302734375],[251.1024475,116076.0078125],[258.144104,9810.8671875],[268.1661072,14863.2470703125],[272.1733093,11843.2607421875],[279.0965881,99389.6328125],[280.0999146,11338.892578125],[283.1766357,36828.8828125],[284.1967163,72685.6875],[286.1401978,54872.89453125],[301.1867065,633752.5625],[302.1898804,86158.8515625],[311.67453,10943.033203125],[329.1934204,18221.58984375],[336.1180725,101331.9609375],[356.1597595,14101.56640625],[385.1868896,15289.609375],[399.2219543,19777.271484375],[399.3387146,10298.92578125],[403.1968384,36883.796875],[414.2711487,108172.09375],[415.2734375,10001.8759765625],[421.2083435,38603.8984375],[466.2544861,16821.26953125],[478.781189,17902.7265625],[514.2109375,12372.830078125],[527.3534546,45676.796875],[622.3390503,37057.96875],[648.4299316,12044.640625],[652.3175049,11693.4775390625],[697.4603882,65674.6171875],[698.458313,43305.4609375],[721.4055176,16432.298828125],[722.4036865,10582.8251953125],[812.4819336,39781.37109375],[813.4824829,19568.2578125],[834.4956665,11423.6796875]]	100.0	Confident
	Peak Annotation	Type	Subtype	Number	m/z	Intensity
1.1	iY	Immonium ion	Immonium Y		136.0756531	587611.375	
1.2	y1	Peptide fragment ion	y	1	147.1126556	93602.921875	
1.3	y2	Peptide fragment ion	y	2	204.1338654	80591.96875	
1.4	b2	Peptide fragment ion	b	2	279.0965881	99389.6328125	
1.5	y3	Peptide fragment ion	y	3	301.1867065	633752.5625	
1.6	b3	Peptide fragment ion	b	3	336.1180725	101331.9609375	
1.7	y4	Peptide fragment ion	y	4	414.2711487	108172.09375	
1.8	y7	Peptide fragment ion	y	7	697.4603882	65674.6171875	
2	GIYAYGFEKPSAIQQR	10697	[[101.0713806,156766.203125],[102.0553436,24573.57421875],[103.6902161,9504.34375],[104.6045074,8053.671875],[112.1118851,15463.8310546875],[113.7409744,11034.6015625],[119.0493851,17653.31640625],[120.0808563,136398.203125],[127.0869522,20375.48828125],[129.0934296,17186.978515625],[129.1023102,337966.28125],[130.1055298,19631.064453125],[130.9684143,8669.63671875],[136.0756683,883597.5],[137.0786133,80638.5078125],[143.1177826,507114.5625],[144.1213074,17049.033203125],[147.4766541,9486.3056640625],[171.1127777,191165.203125],[172.1149292,13200.96484375],[175.1188507,143220.703125],[177.102005,76510.9375],[181.0969391,10238.3076171875],[183.0761108,12735.3056640625],[185.164917,79407.4609375],[187.1429596,11143.359375],[197.1280823,23532.814453125],[200.1017456,71659.625],[205.0969543,82483.65625],[207.1123962,188256.1875],[208.1158752,16508.55859375],[211.1440125,8604.5634765625],[213.1591187,39620.15234375],[214.1550446,15689.314453125],[215.1393433,10933.23046875],[221.09021,16696.193359375],[224.1405334,12216.7783203125],[225.0430145,20803.75390625],[225.1237946,14176.5830078125],[227.0397491,15778.80078125],[235.1075897,89140.4375],[239.0941925,45710.375],[240.0962372,40845.1171875],[240.1338654,207257.21875],[241.0943146,15669.5322265625],[242.1495819,13781.091796875],[254.1460419,12962.583984375],[258.1456299,38542.2890625],[259.9071655,11176.009765625],[266.855835,10656.4013671875],[271.1736145,11290.8837890625],[275.1757202,20726.505859375],[277.117981,17971.57421875],[277.15271,9887.4931640625],[288.2026978,23865.1953125],[289.15448,44655.87890625],[290.1586914,12098.3974609375],[292.1292114,67978.2109375],[299.0596008,11703.9755859375],[299.1711426,131416.734375],[300.1765137,14408.236328125],[301.0588989,12691.2421875],[301.1850891,12455.5126953125],[303.1731873,47088.8203125],[334.1370544,34278.8203125],[334.1753845,141875.9375],[335.1787415,15486.7802734375],[337.1560059,12111.068359375],[354.1635742,10753.376953125],[355.0706482,48087.2734375],[368.1599426,46757.6875],[369.2098083,12362.658203125],[371.1942444,13759.1552734375],[377.2172546,22236.951171875],[400.2247314,57087.53515625],[405.2115784,50539.90625],[411.2043152,16016.3466796875],[431.2348633,19662.1640625],[434.2358704,19037.69140625],[442.2407532,11322.9931640625],[451.2645874,112448.1875],[452.2692261,16012.345703125],[455.1872559,11438.8779296875],[455.7582703,13407.4697265625],[464.271698,49961.25390625],[469.2059021,16781.92578125],[490.3214722,10827.833984375],[497.2003479,49989.94140625],[498.2072449,14074.814453125],[510.2883301,10985.611328125],[515.7868042,120295.4140625],[516.2861328,73189.6640625],[516.7890625,12512.525390625],[526.7960205,14926.5439453125],[542.7944336,17643.435546875],[544.3171997,42417.71875],[550.3394775,84772.0078125],[568.2402344,23543.513671875],[602.3305054,17330.125],[615.3538208,23402.005859375],[616.3614502,15326.0595703125],[617.3610229,15202.740234375],[630.8390503,131929.515625],[631.3318481,78915.078125],[631.8375244,23578.453125],[678.3953247,138369.390625],[679.3934326,49049.9921875],[702.3907471,81904.296875],[703.3830566,19637.77734375],[703.8695679,15625.4755859375],[712.3691406,206766.84375],[712.8702393,115660.71875],[713.3707886,61803.6328125],[747.8858643,126220.734375],[748.3839722,84752.375],[748.8881226,23797.41015625],[782.4136353,39648.01953125],[789.4277954,16480.8671875],[790.4190063,14131.91015625],[799.4408569,914156.0625],[800.4432983,348658.75],[801.446106,83775.6953125],[807.4326782,225119.203125],[808.4435425,97679.3359375],[829.4116821,73999.328125],[829.9261475,83404.3203125],[830.418396,56389.6171875],[920.5169678,194425.328125],[921.5213623,149145.609375],[927.5380859,108264.84375],[928.5289307,40661.39453125],[1005.5174561,74772.9453125],[1006.5078735,53572.11328125],[1031.5457764,65627.328125],[1032.5345459,14567.3115234375],[1048.5662842,61117.6640625],[1049.5787354,47300.2890625],[1056.5780029,61595.15625],[1057.5634766,37580.3828125],[1119.6027832,21534.13671875]]	100.0	Confident
	Peak Annotation	Type	Subtype	Number	m/z	Intensity
2.1	iQ	Immonium ion	Immonium Q		101.0713806	156766.203125	
2.2	iF	Immonium ion	Immonium F		120.0808563	136398.203125	
2.3	rK	Related ion	r15		129.1023102	337966.28125	
2.4	iY	Immonium ion	Immonium Y		136.0756683	883597.5	
2.5	b2	Peptide fragment ion	b	2	171.1127777	191165.203125	
2.6	y1	Peptide fragment ion	y	1	175.1188507	143220.703125	
2.7	y6++-H2O-NH3	Peptide fragment ion	y	6	334.1753845	141875.9375	
2.8	b3	Peptide fragment ion	b	3	334.1753845	141875.9375	
2.9	y11++	Peptide fragment ion	y	11	630.8390503	131929.515625	
2.10	y6	Peptide fragment ion	y	6	702.3907471	81904.296875	
2.11	y12++	Peptide fragment ion	y	12	712.3691406	206766.84375	
2.12	y13++	Peptide fragment ion	y	13	747.8858643	126220.734375	
2.13	y7	Peptide fragment ion	y	7	799.4408569	914156.0625	
2.14	y14++	Peptide fragment ion	y	14	829.4116821	73999.328125	
2.15	y8	Peptide fragment ion	y	8	927.5380859	108264.84375	
3	LLLSVQESLER	10699	[[110.07164,8798.33984375],[113.6901703,7624.240234375],[120.0808258,9456.9970703125],[129.1025848,49824.70703125],[130.0650787,9758.970703125],[130.086441,11864.67578125],[130.1058044,6713.2934570313],[132.0810852,6903.3159179688],[136.0748749,7825.0971679688],[147.112442,21735.984375],[155.1180573,4755.7719726563],[158.0917664,5369.5146484375],[159.091507,149065.578125],[169.1341248,5628.9301757813],[170.0595093,96876.046875],[171.112381,9205.95703125],[172.417038,5010.5356445313],[173.0924835,5928.1025390625],[173.1284485,26376.9921875],[175.1184235,33841.2421875],[181.0599365,6221.5322265625],[183.1123505,7481.9604492188],[183.1492767,21530.326171875],[186.1235352,7604.6000976563],[187.0863495,25210.986328125],[199.1803741,272547.09375],[200.1390076,8586.646484375],[200.1832275,24667.828125],[201.1235199,32575.25390625],[204.112915,59685.453125],[204.1343842,33231.1484375],[211.1436462,12006.0390625],[215.1181335,6926.9848632813],[215.1379547,6981.2607421875],[217.0815582,6243.4594726563],[225.1011658,7331.0625],[227.1005859,6412.08984375],[227.1540527,10010.9326171875],[227.1750336,204583.59375],[228.1787415,22680.50390625],[243.1358337,6624.4887695313],[244.1661377,7974.3715820313],[270.1480408,5166.4438476563],[274.1870728,96633.1953125],[287.1498108,7328.2387695313],[298.118103,66312.625],[299.1192017,6882.328125],[299.1704712,7330.271484375],[315.1384277,45180.66796875],[331.1645813,5807.02734375],[333.1763916,29578.595703125],[340.1871948,23926.53515625],[340.2584839,5520.3530273438],[352.1290283,8437.43359375],[386.1820374,48595.58203125],[387.1862488,20085.1796875],[396.1740723,8044.3256835938],[414.1849976,6627.5244140625],[421.7166138,9375.4775390625],[441.2364807,8520.1611328125],[448.9535522,6820.8666992188],[467.2097473,7200.4736328125],[543.2338257,8491.7880859375],[543.312561,148590.390625],[544.315918,36115.00390625],[586.3190308,7800.8056640625],[618.3225098,18973.12890625],[643.375,7063.2001953125],[644.3557739,81327.65625],[644.8484497,22655.0],[645.3635254,8361.8369140625],[689.357666,59751.71484375],[690.3582153,20780.4296875],[744.3390503,7564.8383789063],[758.1416626,5846.3564453125],[773.4030762,22867.052734375],[802.4385376,81843.7734375],[803.4596558,34963.88671875],[860.4351807,65197.140625],[861.4301758,11650.859375],[901.5094604,60569.28515625],[902.5027466,20830.123046875],[929.4607544,11552.6845703125],[937.512207,6759.6342773438],[947.4663086,117731.3671875],[948.4658203,42787.77734375],[949.4750977,8317.767578125],[972.5455322,149595.59375],[973.5482178,77839.515625],[974.5432129,23391.97265625],[1042.5374756,10280.013671875],[1060.5529785,83088.0546875],[1061.5489502,46966.9140625],[1062.5491943,6598.447265625],[1083.5643311,27372.66796875],[1084.5777588,27635.5078125],[1100.614502,11866.69140625]]	24.13793103448276	Not Validated
	Peak Annotation	Type	Subtype	Number	m/z	Intensity
3.1	b2	Peptide fragment ion	b	2	227.1750336	204583.59375	
3.2	y7	Peptide fragment ion	y	7	860.4351807	65197.140625	
3.3	y8	Peptide fragment ion	y	8	947.4663086	117731.3671875	
3.4	y9	Peptide fragment ion	y	9	1060.5529785	83088.0546875	
4	QFQSILQER	10693	[[101.0714874,18692.72265625],[102.0553284,11511.5966796875],[103.0391083,2603.2004394531],[104.0532761,24094.67578125],[110.0716553,21770.103515625],[112.0875778,2000.5697021484],[114.091507,10749.8603515625],[115.0868073,2666.9052734375],[116.0708847,1917.2165527344],[120.0809708,75531.8125],[121.0844803,7023.1865234375],[127.086647,1730.7126464844],[128.1070709,3832.5012207031],[129.0657959,4766.3442382813],[129.1022797,199114.109375],[130.0501404,3077.5769042969],[130.0648346,2683.2954101563],[130.0864563,17564.205078125],[130.1055603,11643.1982421875],[131.0811615,2051.0837402344],[131.1178741,4048.5546875],[133.0434113,2284.7507324219],[136.0758667,30525.392578125],[137.0789642,2274.6921386719],[137.1070099,1948.3753662109],[141.0655365,2254.2346191406],[141.1020966,9415.17578125],[141.1488953,1936.0225830078],[143.1181488,8324.9013671875],[147.1125336,26810.416015625],[149.0231934,11525.6806640625],[153.0652466,1856.5296630859],[155.0811615,4729.6220703125],[155.1176147,4215.6801757813],[157.1333008,7599.255859375],[158.0919342,7778.8999023438],[159.0763397,3967.3254394531],[159.0914001,7367.3232421875],[165.1019897,2505.35546875],[167.0805054,3206.873046875],[169.0972443,3780.6247558594],[169.1339722,3763.7895507813],[170.062912,3254.1193847656],[171.1481171,2695.7268066406],[173.0928955,3344.8234863281],[173.1281433,10793.416015625],[174.0868378,2846.7136230469],[175.1189423,44061.3203125],[181.0960999,2807.9702148438],[183.0761871,3357.3249511719],[183.1125488,2296.5798339844],[183.1481628,3145.5725097656],[184.1079559,44715.71875],[185.0919952,2977.7844238281],[185.164917,7539.41796875],[186.0891266,2052.4182128906],[187.0710602,3857.376953125],[187.1074982,9397.056640625],[187.1438293,3756.830078125],[188.0729675,15680.3193359375],[189.0867462,3418.1779785156],[191.1169434,3056.6743164063],[193.0953827,1967.8498535156],[195.0751953,2381.16796875],[197.0921173,4135.9482421875],[197.1282501,12562.955078125],[198.1230164,8313.7939453125],[199.0703583,2781.7172851563],[199.1069794,3786.2109375],[199.1434784,4183.8173828125],[199.180191,3524.1545410156],[200.1020813,2439.5671386719],[200.1391907,8037.9990234375],[201.0861359,3806.2355957031],[201.1231842,17806.23046875],[202.0819702,4148.4321289063],[207.1130371,3472.6704101563],[213.0874939,3531.5913085938],[213.1221619,1729.2470703125],[213.1594849,2825.0083007813],[215.0838013,3219.6940917969],[215.1023407,7567.3828125],[215.1387482,12639.658203125],[216.1364288,2199.0249023438],[217.0811005,2505.0847167969],[217.1338196,6875.2758789063],[221.1283112,2002.8717041016],[225.1021729,1868.2232666016],[225.1233673,4401.8125],[226.11763,21797.28515625],[226.153656,2857.0847167969],[227.102005,3079.5112304688],[228.1339111,3321.9189453125],[229.1182404,9169.154296875],[231.1135559,2718.91015625],[233.0953674,30731.638671875],[233.1651459,2669.6091308594],[234.1440887,8187.0341796875],[240.1333618,2393.3247070313],[242.1500549,12345.0],[243.1339722,4471.4516601563],[244.0924377,4279.9096679688],[244.1654968,7368.0288085938],[245.1284943,8120.361328125],[246.1277618,2020.1566162109],[260.1052246,4787.333984375],[260.1960449,11170.2626953125],[261.0904541,50405.17578125],[261.1572876,3329.1279296875],[267.1320801,2844.5056152344],[271.1395264,42450.43359375],[271.1716919,2616.2248535156],[272.1429749,2726.3510742188],[276.1342163,3820.2258300781],[288.2028809,13227.2763671875],[312.1567383,2611.9633789063],[328.1646423,3186.8266601563],[349.1514893,2573.8076171875],[353.1809998,3002.8542480469],[370.2455444,4246.1650390625],[371.1364136,3724.5017089844],[371.190979,3134.2712402344],[371.2322083,4475.2827148438],[372.1218262,2420.0478515625],[373.1866455,3453.8029785156],[388.2594604,2718.6721191406],[389.1495056,8518.359375],[397.1742859,2955.6625976563],[398.2467041,2454.1774902344],[399.2330627,3237.0708007813],[416.2609558,27708.978515625],[417.2640381,3383.701171875],[418.2072144,2882.1474609375],[429.2120056,3675.8415527344],[432.2245789,2682.033203125],[497.3115845,3683.3586425781],[512.6364136,2088.9328613281],[519.2943115,11281.154296875],[523.2632446,3675.7658691406],[531.2885132,21212.08984375],[532.2903442,2410.9765625],[545.3018799,4455.8227539063],[557.2810059,3356.8315429688],[566.3088989,2763.8234863281],[566.7988281,3310.0444335938],[573.7703857,2450.2604980469],[574.2894287,9233.6533203125],[574.4030762,3436.1462402344],[575.3169556,13803.2646484375],[584.3381348,2799.6750488281],[588.3498535,17995.130859375],[630.3587036,33272.1875],[631.3573608,10768.3837890625],[648.3375854,16579.353515625],[660.3746338,3026.1059570313],[661.3751221,3781.2087402344],[667.3375244,2811.9558105469],[672.4032593,23137.865234375],[673.4067383,3119.5651855469],[675.3463135,3088.6313476563],[689.3634033,2579.4780273438],[697.4265747,2590.1848144531],[701.4265747,10770.1845703125],[721.3646851,8196.21484375],[724.3569336,2321.8273925781],[731.4035645,51023.12890625],[732.4083252,13525.7763671875],[745.4087524,8998.578125],[746.8796387,4294.791015625],[747.3905029,4281.0913085938],[748.3996582,3802.7297363281],[758.3787231,4083.8298339844],[759.3766479,15742.2744140625],[776.3974609,16342.9560546875],[777.3907471,9596.1083984375],[788.4382935,2667.5583496094],[800.4419556,2927.8681640625],[811.4415894,2944.271484375],[817.4150391,3132.2131347656],[834.4384766,4536.7763671875],[851.4490356,2957.787109375],[873.4608765,3349.0747070313],[878.4737549,53817.1875],[879.4758301,30091.796875],[880.4806519,3329.2978515625],[889.4820557,24520.013671875],[890.4730835,4084.1320800781],[905.442627,3240.1735839844],[958.4693604,2462.5363769531],[975.4960327,16261.796875],[976.4807739,8758.748046875],[992.5133057,37551.98828125],[993.5192871,18830.466796875],[994.503418,2626.3483886719],[1001.524231,3836.8254394531],[1003.5037842,4151.505859375],[1018.5166626,3750.693359375]]	0.0	Not Validated
	Peak Annotation	Type	Subtype	Number	m/z	Intensity
4.1	iQ	Immonium ion	Immonium Q		101.0714874	18692.72265625	
4.2	iE	Immonium ion	Immonium E		102.0553284	11511.5966796875	
4.3	iF	Immonium ion	Immonium F		120.0809708	75531.8125	
4.4	y1	Peptide fragment ion	y	1	175.1189423	44061.3203125
